73
32
119
105
108
108
32
99
111
109
101
32
116
111
32
121
111
117
114
32
111
102
102
105
99
101
32
111
110
32
100
97
121
47
109
111
110
116
104
46
32
73
32
119
111
117
108
100
32
108
105
107
101
32
116
111
32
97
115
107
32
116
104
101
32
97
118
97
105
108
97
98
105
108
105
116
121
32
111
102
32
121
111
117
32
111
110
32
116
104
97
116
32
100
97
121
46
10
73
32
119
111
117
108
100
32
108
105
107
101
32
116
111
32
104
97
118
101
32
97
32
109
101
101
116
105
110
103
32
97
116
32
111
117
114
32
109
101
101
116
105
110
103
32
114
111
111
109
44
32
119
104
101
110
32
105
115
32
121
111
117
114
32
97
118
97
105
108
97
98
108
101
32
100
97
116
101
63
10
87
101
32
97
114
101
32
112
108
97
110
110
105
110
103
32
116
111
32
104
97
118
101
32
97
32
109
101
101
116
105
110
103
32
119
105
116
104
32
121
111
117
114
32
99
111
109
112
97
110
121
32
116
104
105
115
32
109
111
110
116
104
44
32
119
104
101
110
32
105
115
32
121
111
117
114
32
97
118
97
105
108
97
98
108
101
32
100
97
116
101
63
10
87
101
32
119
111
117
108
100
32
108
105
107
101
32
116
111
32
104
97
118
101
32
97
32
109
101
101
116
105
110
103
32
111
117
116
115
105
100
101
32
111
102
32
111
117
114
32
111
102
102
105
99
101
46
32
73
32
108
111
118
101
32
116
111
32
104
101
97
114
32
121
111
117
114
32
105
100
101
97
32
119
104
101
110
32
97
110
100
32
119
104
101
114
101
32
119
101
32
115
104
111
117
108
100
32
104
97
118
101
32
105
116
63
10
73
32
119
105
108
108
32
118
105
115
105
116
32
121
111
117
114
32
99
111
109
112
97
110
121
32
97
110
100
32
104
111
112
101
32
77
114
46
66
101
101
110
32
105
115
32
97
118
97
105
108
97
98
108
101
32
111
110
32
116
104
97
116
32
100
97
121
46
10
73
32
119
111
117
108
100
32
108
105
107
101
32
116
111
32
97
115
107
32
77
114
46
75
32
105
115
32
97
118
97
105
108
97
98
108
101
32
97
114
111
117
110
100
32
100
97
121
47
109
111
110
116
104
46
10
73
32
97
109
32
119
111
110
100
101
114
105
110
103
32
105
102
32
77
114
46
75
32
105
115
32
97
118
97
105
108
97
98
108
101
32
111
114
32
110
111
116
32
111
110
32
116
104
101
32
75
97
119
97
115
97
107
105
32
116
111
117
114
32
119
104
101
114
101
32
111
117
114
32
102
97
99
116
111
114
121
32
105
115
32
108
111
99
97
116
101
100
46
10
73
32
104
111
112
101
32
116
104
101
32
112
101
114
115
111
110
32
105
110
32
99
104
97
114
103
101
32
119
105
108
108
32
97
116
116
101
110
100
32
116
104
101
32
109
101
101
116
105
110
103
32
97
116
32
111
117
114
32
109
101
101
116
105
110
103
32
114
111
111
109
32
111
110
32
100
97
121
47
109
111
110
116
104
46
